/**
 * @file dmpc_buck_matrices.h
 * @brief Header with relevant data to run the DMPC algorithm for a buck converter.
 *
 * This file is generated automatically and should not be modified.
 *
 * The Hj matrix is already generated by flipping the sign and inverting
 * the elements of the diagonal, so that Hildreth's algorith, does not
 * require any divisions.
 *
 *  Originally created on: 27.05.2021
 *      Author: mguerreiro
 */

#ifndef DMPC_BUCK_MATRICES_H_
#define DMPC_BUCK_MATRICES_H_

/* Prediction, control and restriction horizon */
#define DMPC_BUCK_CONFIG_NP			20
#define DMPC_BUCK_CONFIG_NC			12
#define DMPC_BUCK_CONFIG_NR			3
#define DMPC_BUCK_CONFIG_NLAMBDA	12

/* Constraints */
#define DMPC_BUCK_CONFIG_IL_MIN		-15
#define DMPC_BUCK_CONFIG_IL_MAX		15
#define DMPC_BUCK_CONFIG_U_MIN		0
#define DMPC_BUCK_CONFIG_U_MAX		1

 /* Matrices */
float Fj_1[12] = {-14.02056523,-12.14412182,-10.4387494 , -8.89725297, -7.51225236,
  -6.27618846, -5.18132971, -4.21977874, -3.38347925, -2.66422299,
  -2.05365694, -1.54329074};

float Fj_2[12][3] = {{ 16.52923344,194.77209737, 14.02056523},
 { 14.66375189,171.39413387, 12.14412182},
 { 12.91045702,149.61708143, 10.4387494 },
 { 11.27134619,129.4587171 ,  8.89725297},
 {  9.74810514,110.92596186,  7.51225236},
 {  8.34202163, 94.01489477,  6.27618846},
 {  7.05389964, 78.71078604,  5.18132971},
 {  5.88397443, 64.98814906,  4.21977874},
 {  4.83182857, 52.8108111 ,  3.38347925},
 {  3.89630907, 42.13200288,  2.66422299},
 {  3.07544575, 32.89446651,  2.05365694},
 {  2.36637113, 25.03058201,  1.54329074}};

float Fx[3][3] = {{ 0.99952615,-0.10614239, 0.        },
 { 1.99763312,-0.31789677, 0.        },
 { 2.99338074,-0.63463483, 0.        }};

float Kj_1[12][12] = {{-0.05263247, 0.01231051, 0.01070699, 0.00922531, 0.00786652, 0.0066308 ,
   0.00551738, 0.00452442, 0.00364906, 0.00288732, 0.00223424, 0.00168383},
 {-0.04032196,-0.04349915, 0.02020409, 0.01745786, 0.01493134, 0.01262573,
   0.01054059, 0.00867375, 0.00702112, 0.00557667, 0.00433248, 0.00327878},
 {-0.02961497,-0.03400205,-0.03810419, 0.02475016, 0.02123173, 0.01800983,
   0.0150852 , 0.01245635, 0.01011934, 0.00806768, 0.00629221, 0.00478121},
 { 0.05263247,-0.01231051,-0.01070699,-0.00922531,-0.00786652,-0.0066308 ,
  -0.00551738,-0.00452442,-0.00364906,-0.00288732,-0.00223424,-0.00168383},
 { 0.04032196, 0.04349915,-0.02020409,-0.01745786,-0.01493134,-0.01262573,
  -0.01054059,-0.00867375,-0.00702112,-0.00557667,-0.00433248,-0.00327878},
 { 0.02961497, 0.03400205, 0.03810419,-0.02475016,-0.02123173,-0.01800983,
  -0.0150852 ,-0.01245635,-0.01011934,-0.00806768,-0.00629221,-0.00478121},
 {-0.05597873, 0.01309319, 0.01138771, 0.00981184, 0.00836666, 0.00705238,
   0.00586816, 0.00481208, 0.00388105, 0.00307089, 0.00237628, 0.00179089},
 {-0.09881127,-0.03318393, 0.03286555, 0.02837034, 0.02423938, 0.02047414,
   0.01707334, 0.01403273, 0.01134488, 0.0089992 , 0.00698196, 0.00527643},
 {-0.13016271,-0.06932869,-0.00770308, 0.05465794, 0.04679014, 0.03960295,
   0.03309592, 0.0272632 , 0.02209319, 0.01756839, 0.01366537, 0.01035493},
 { 0.05597873,-0.01309319,-0.01138771,-0.00981184,-0.00836666,-0.00705238,
  -0.00586816,-0.00481208,-0.00388105,-0.00307089,-0.00237628,-0.00179089},
 { 0.09881127, 0.03318393,-0.03286555,-0.02837034,-0.02423938,-0.02047414,
  -0.01707334,-0.01403273,-0.01134488,-0.0089992 ,-0.00698196,-0.00527643},
 { 0.13016271, 0.06932869, 0.00770308,-0.05465794,-0.04679014,-0.03960295,
  -0.03309592,-0.0272632 ,-0.02209319,-0.01756839,-0.01366537,-0.01035493}};

float Hj[12][12] = {{-18.99967724,  0.04032196,  0.02961497, -0.05263247, -0.04032196,
   -0.02961497,  0.05597873,  0.09881127,  0.13016271, -0.05597873,
   -0.09881127, -0.13016271},
 {  0.04032196,-11.93016953,  0.06361702, -0.04032196, -0.08382111,
   -0.06361702,  0.04288554,  0.1319952 ,  0.1994914 , -0.04288554,
   -0.1319952 , -0.1994914 },
 {  0.02961497,  0.06361702, -9.83079213, -0.02961497, -0.06361702,
   -0.1017212 ,  0.03149782,  0.09912965,  0.20719447, -0.03149782,
   -0.09912965, -0.20719447},
 { -0.05263247, -0.04032196, -0.02961497,-18.99967724,  0.04032196,
    0.02961497, -0.05597873, -0.09881127, -0.13016271,  0.05597873,
    0.09881127,  0.13016271},
 { -0.04032196, -0.08382111, -0.06361702,  0.04032196,-11.93016953,
    0.06361702, -0.04288554, -0.1319952 , -0.1994914 ,  0.04288554,
    0.1319952 ,  0.1994914 },
 { -0.02961497, -0.06361702, -0.1017212 ,  0.02961497,  0.06361702,
   -9.83079213, -0.03149782, -0.09912965, -0.20719447,  0.03149782,
    0.09912965,  0.20719447},
 {  0.05597873,  0.04288554,  0.03149782, -0.05597873, -0.04288554,
   -0.03149782,-16.79607269,  0.10509346,  0.13843816, -0.05953773,
   -0.10509346, -0.13843816},
 {  0.09881127,  0.1319952 ,  0.09912965, -0.09881127, -0.1319952 ,
   -0.09912965,  0.10509346, -4.07529312,  0.3504817 , -0.10509346,
   -0.24538112, -0.3504817 },
 {  0.13016271,  0.1994914 ,  0.20719447, -0.13016271, -0.1994914 ,
   -0.20719447,  0.13843816,  0.3504817 , -1.75319672, -0.13843816,
   -0.3504817 , -0.57038665},
 { -0.05597873, -0.04288554, -0.03149782,  0.05597873,  0.04288554,
    0.03149782, -0.05953773, -0.10509346, -0.13843816,-16.79607269,
    0.10509346,  0.13843816},
 { -0.09881127, -0.1319952 , -0.09912965,  0.09881127,  0.1319952 ,
    0.09912965, -0.10509346, -0.24538112, -0.3504817 ,  0.10509346,
   -4.07529312,  0.3504817 },
 { -0.13016271, -0.1994914 , -0.20719447,  0.13016271,  0.1994914 ,
    0.20719447, -0.13843816, -0.3504817 , -0.57038665,  0.13843816,
    0.3504817 , -1.75319672}};

float DU_1[12] = {-0.05263247, 0.01231051, 0.01070699, 0.00922531, 0.00786652, 0.0066308 ,
  0.00551738, 0.00452442, 0.00364906, 0.00288732, 0.00223424, 0.00168383};

float DU_2[12] = { 0.05263247, 0.04032196, 0.02961497,-0.05263247,-0.04032196,-0.02961497,
  0.05597873, 0.09881127, 0.13016271,-0.05597873,-0.09881127,-0.13016271};


#endif /* DMPC_BUCK_MATRICES_H_ */
