/**
 * @file dmpc_buck_matrices.h
 * @brief Header with data to run the DMPC algorithm for a buck converter.
 *
 * This file is generated automatically and should not be modified.
 *
 * The Hj matrix is already generated by flipping the sign and inverting its
 * diagonal elements, so that Hildreth's algorithm does not require any 
 * divisions.
 *
 *  Originally created on: 22.04.2022
 *      Author: mguerreiro
 */

#ifndef DMPC_INVERTER_MATRICES_H_
#define DMPC_INVERTER_MATRICES_H_

/* Prediction, control and restriction horizon */
#define DMPC_INVERTER_CONFIG_NP			20
#define DMPC_INVERTER_CONFIG_NC			10
#define DMPC_INVERTER_CONFIG_NR			5
#define DMPC_INVERTER_CONFIG_NLAMBDA	60


/* Number of inputs and outputs */
#define DMPC_INVERTER_CONFIG_NU			4
#define DMPC_INVERTER_CONFIG_NY			2

/* Constraints */

/*
 * Matrices for QP solvers 
 *
 * The matrices were generated considering the following problem:
 *
 * min (1/2) * DU' * Ej * DU + DU' * Fj
 * DU
 *
 * s.t. M * DU <= gam
 *
 * The (1/2) term in from of DU' * Ej * DU needs to be considered in the QP
 * solver selected, or the solution will appear to be inconsistent.
 * Note that the Fj and gam matrices are usually updated online, while Ej
 * and M are static.
 */
float Ej[40][40] = {{ 3.92570997e+00, 4.08808846e-15,-3.88625624e+00, 2.47803447e-02,
   3.65898853e+00,-1.02195912e-01,-3.59972758e+00, 1.59360373e-01,
   3.36295275e+00,-2.00849132e-01,-3.35076094e+00, 2.50452699e-01,
   3.06172851e+00,-2.90355563e-01,-3.10259206e+00, 3.08365749e-01,
   2.78401227e+00,-3.56176591e-01,-2.81227816e+00, 3.61632830e-01,
   2.52590428e+00,-3.94918843e-01,-2.49500150e+00, 4.18086203e-01,
   2.25903002e+00,-4.16416145e-01,-2.20795930e+00, 4.60064154e-01,
   1.97381108e+00,-4.29497476e-01,-1.97379880e+00, 4.72508925e-01,
   1.69685033e+00,-4.33419729e-01,-1.75103099e+00, 4.60880816e-01,
   1.45684394e+00,-4.23339118e-01,-1.49501530e+00, 4.39953224e-01},
 { 4.08808846e-15, 3.92570997e+00,-2.47803447e-02,-3.88625624e+00,
   1.02195912e-01, 3.65898853e+00,-1.59360373e-01,-3.59972758e+00,
   2.00849132e-01, 3.36295275e+00,-2.50452699e-01,-3.35076094e+00,
   2.90355563e-01, 3.06172851e+00,-3.08365749e-01,-3.10259206e+00,
   3.56176591e-01, 2.78401227e+00,-3.61632830e-01,-2.81227816e+00,
   3.94918843e-01, 2.52590428e+00,-4.18086203e-01,-2.49500150e+00,
   4.16416145e-01, 2.25903002e+00,-4.60064154e-01,-2.20795930e+00,
   4.29497476e-01, 1.97381108e+00,-4.72508925e-01,-1.97379880e+00,
   4.33419729e-01, 1.69685033e+00,-4.60880816e-01,-1.75103099e+00,
   4.23339118e-01, 1.45684394e+00,-4.39953224e-01,-1.49501530e+00},
 {-3.88625624e+00,-2.47803447e-02, 1.39222369e+01, 4.33996439e-15,
  -3.63881443e+00, 8.16288622e-02, 3.59804899e+00,-1.33198599e-01,
  -3.37168361e+00, 1.84610761e-01, 3.30185373e+00,-2.23119144e-01,
  -3.07014231e+00, 2.74476826e-01, 3.06604952e+00,-2.87716583e-01,
  -2.76885404e+00, 3.36459363e-01, 2.82518443e+00,-3.54104048e-01,
  -2.50096785e+00, 3.75206895e-01, 2.52288643e+00,-4.14147816e-01,
  -2.25084015e+00, 4.05196291e-01, 2.20244223e+00,-4.44168411e-01,
  -1.98344543e+00, 4.26787701e-01, 1.94130560e+00,-4.47826420e-01,
  -1.70268974e+00, 4.28887778e-01, 1.73463607e+00,-4.47759070e-01,
  -1.44756462e+00, 4.10971952e-01, 1.50882846e+00,-4.45550557e-01},
 { 2.47803447e-02,-3.88625624e+00, 4.33996439e-15, 1.39222369e+01,
  -8.16288622e-02,-3.63881443e+00, 1.33198599e-01, 3.59804899e+00,
  -1.84610761e-01,-3.37168361e+00, 2.23119144e-01, 3.30185373e+00,
  -2.74476826e-01,-3.07014231e+00, 2.87716583e-01, 3.06604952e+00,
  -3.36459363e-01,-2.76885404e+00, 3.54104048e-01, 2.82518443e+00,
  -3.75206895e-01,-2.50096785e+00, 4.14147816e-01, 2.52288643e+00,
  -4.05196291e-01,-2.25084015e+00, 4.44168411e-01, 2.20244223e+00,
  -4.26787701e-01,-1.98344543e+00, 4.47826420e-01, 1.94130560e+00,
  -4.28887778e-01,-1.70268974e+00, 4.47759070e-01, 1.73463607e+00,
  -4.10971952e-01,-1.44756462e+00, 4.45550557e-01, 1.50882846e+00},
 { 3.65898853e+00, 1.02195912e-01,-3.63881443e+00,-8.16288622e-02,
   3.43323848e+00, 3.22333162e-15,-3.35788150e+00, 5.29605960e-02,
   3.16885436e+00,-1.00479298e-01,-3.13055931e+00, 1.45725268e-01,
   2.88460639e+00,-1.92026671e-01,-2.92565192e+00, 2.09265632e-01,
   2.62233390e+00,-2.60875370e-01,-2.67267448e+00, 2.69470166e-01,
   2.38938962e+00,-3.06196301e-01,-2.36872885e+00, 3.29121367e-01,
   2.15143079e+00,-3.37056983e-01,-2.08622072e+00, 3.72641878e-01,
   1.88637251e+00,-3.57978733e-01,-1.87017956e+00, 3.92514522e-01,
   1.61974238e+00,-3.66698725e-01,-1.67664746e+00, 3.94724255e-01,
   1.38995500e+00,-3.62311614e-01,-1.44152548e+00, 3.85110735e-01},
 {-1.02195912e-01, 3.65898853e+00, 8.16288622e-02,-3.63881443e+00,
   3.22333162e-15, 3.43323848e+00,-5.29605960e-02,-3.35788150e+00,
   1.00479298e-01, 3.16885436e+00,-1.45725268e-01,-3.13055931e+00,
   1.92026671e-01, 2.88460639e+00,-2.09265632e-01,-2.92565192e+00,
   2.60875370e-01, 2.62233390e+00,-2.69470166e-01,-2.67267448e+00,
   3.06196301e-01, 2.38938962e+00,-3.29121367e-01,-2.36872885e+00,
   3.37056983e-01, 2.15143079e+00,-3.72641878e-01,-2.08622072e+00,
   3.57978733e-01, 1.88637251e+00,-3.92514522e-01,-1.87017956e+00,
   3.66698725e-01, 1.61974238e+00,-3.94724255e-01,-1.67664746e+00,
   3.62311614e-01, 1.38995500e+00,-3.85110735e-01,-1.44152548e+00},
 {-3.59972758e+00,-1.59360373e-01, 3.59804899e+00, 1.33198599e-01,
  -3.35788150e+00,-5.29605960e-02, 1.33537289e+01, 3.32479898e-15,
  -3.11304564e+00, 5.17405946e-02, 3.09545661e+00,-9.17226457e-02,
  -2.85896861e+00, 1.47773124e-01, 2.84810927e+00,-1.54603737e-01,
  -2.60040090e+00, 2.17704322e-01, 2.60701483e+00,-2.21384563e-01,
  -2.34832170e+00, 2.60254163e-01, 2.35115887e+00,-2.93841540e-01,
  -2.10250463e+00, 2.91698503e-01, 2.08690423e+00,-3.41999116e-01,
  -1.85435824e+00, 3.21174300e-01, 1.84390225e+00,-3.52365660e-01,
  -1.60715710e+00, 3.39150103e-01, 1.62694166e+00,-3.47367295e-01,
  -1.37748939e+00, 3.35034386e-01, 1.40690203e+00,-3.48754475e-01},
 { 1.59360373e-01,-3.59972758e+00,-1.33198599e-01, 3.59804899e+00,
   5.29605960e-02,-3.35788150e+00, 3.32479898e-15, 1.33537289e+01,
  -5.17405946e-02,-3.11304564e+00, 9.17226457e-02, 3.09545661e+00,
  -1.47773124e-01,-2.85896861e+00, 1.54603737e-01, 2.84810927e+00,
  -2.17704322e-01,-2.60040090e+00, 2.21384563e-01, 2.60701483e+00,
  -2.60254163e-01,-2.34832170e+00, 2.93841540e-01, 2.35115887e+00,
  -2.91698503e-01,-2.10250463e+00, 3.41999116e-01, 2.08690423e+00,
  -3.21174300e-01,-1.85435824e+00, 3.52365660e-01, 1.84390225e+00,
  -3.39150103e-01,-1.60715710e+00, 3.47367295e-01, 1.62694166e+00,
  -3.35034386e-01,-1.37748939e+00, 3.48754475e-01, 1.40690203e+00},
 { 3.36295275e+00, 2.00849132e-01,-3.37168361e+00,-1.84610761e-01,
   3.16885436e+00, 1.00479298e-01,-3.11304564e+00,-5.17405946e-02,
   2.94542456e+00, 2.48650997e-15,-2.89089243e+00, 4.10255912e-02,
   2.69274753e+00,-9.33660878e-02,-2.70732434e+00, 1.06215488e-01,
   2.44719444e+00,-1.64217998e-01,-2.49763921e+00, 1.72053221e-01,
   2.22940995e+00,-2.12507833e-01,-2.23111698e+00, 2.38659092e-01,
   2.01649173e+00,-2.49914367e-01,-1.96172979e+00, 2.85317619e-01,
   1.78033826e+00,-2.80195899e-01,-1.74980866e+00, 3.06590247e-01,
   1.53376536e+00,-2.96712214e-01,-1.57416738e+00, 3.16134811e-01,
   1.31405574e+00,-2.96997846e-01,-1.36834678e+00, 3.20392634e-01},
 {-2.00849132e-01, 3.36295275e+00, 1.84610761e-01,-3.37168361e+00,
  -1.00479298e-01, 3.16885436e+00, 5.17405946e-02,-3.11304564e+00,
   2.48650997e-15, 2.94542456e+00,-4.10255912e-02,-2.89089243e+00,
   9.33660878e-02, 2.69274753e+00,-1.06215488e-01,-2.70732434e+00,
   1.64217998e-01, 2.44719444e+00,-1.72053221e-01,-2.49763921e+00,
   2.12507833e-01, 2.22940995e+00,-2.38659092e-01,-2.23111698e+00,
   2.49914367e-01, 2.01649173e+00,-2.85317619e-01,-1.96172979e+00,
   2.80195899e-01, 1.78033826e+00,-3.06590247e-01,-1.74980866e+00,
   2.96712214e-01, 1.53376536e+00,-3.16134811e-01,-1.57416738e+00,
   2.96997846e-01, 1.31405574e+00,-3.20392634e-01,-1.36834678e+00},
 {-3.35076094e+00,-2.50452699e-01, 3.30185373e+00, 2.23119144e-01,
  -3.13055931e+00,-1.45725268e-01, 3.09545661e+00, 9.17226457e-02,
  -2.89089243e+00,-4.10255912e-02, 1.29063836e+01, 2.68412068e-15,
  -2.65708985e+00, 5.65796243e-02, 2.68932294e+00,-6.42545402e-02,
  -2.43954947e+00, 1.31853462e-01, 2.43745803e+00,-1.29451820e-01,
  -2.22306756e+00, 1.81015000e-01, 2.18355365e+00,-2.02692100e-01,
  -1.98996587e+00, 2.15498347e-01, 1.96046295e+00,-2.61865544e-01,
  -1.74586291e+00, 2.46344090e-01, 1.76323761e+00,-2.86998000e-01,
  -1.51530498e+00, 2.71150253e-01, 1.55865815e+00,-2.86488935e-01,
  -1.31281495e+00, 2.79903788e-01, 1.32998377e+00,-2.83751881e-01},
 { 2.50452699e-01,-3.35076094e+00,-2.23119144e-01, 3.30185373e+00,
   1.45725268e-01,-3.13055931e+00,-9.17226457e-02, 3.09545661e+00,
   4.10255912e-02,-2.89089243e+00, 2.68412068e-15, 1.29063836e+01,
  -5.65796243e-02,-2.65708985e+00, 6.42545402e-02, 2.68932294e+00,
  -1.31853462e-01,-2.43954947e+00, 1.29451820e-01, 2.43745803e+00,
  -1.81015000e-01,-2.22306756e+00, 2.02692100e-01, 2.18355365e+00,
  -2.15498347e-01,-1.98996587e+00, 2.61865544e-01, 1.96046295e+00,
  -2.46344090e-01,-1.74586291e+00, 2.86998000e-01, 1.76323761e+00,
  -2.71150253e-01,-1.51530498e+00, 2.86488935e-01, 1.55865815e+00,
  -2.79903788e-01,-1.31281495e+00, 2.83751881e-01, 1.32998377e+00},
 { 3.06172851e+00, 2.90355563e-01,-3.07014231e+00,-2.74476826e-01,
   2.88460639e+00, 1.92026671e-01,-2.85896861e+00,-1.47773124e-01,
   2.69274753e+00, 9.33660878e-02,-2.65708985e+00,-5.65796243e-02,
   2.48064013e+00, 1.85435515e-15,-2.47723859e+00, 8.63554105e-03,
   2.26542756e+00,-7.26030552e-02,-2.28904091e+00, 7.61373411e-02,
   2.06299501e+00,-1.22740780e-01,-2.06622939e+00, 1.48420292e-01,
   1.86464058e+00,-1.63014140e-01,-1.83324679e+00, 2.01841376e-01,
   1.65347593e+00,-1.99829097e-01,-1.63242815e+00, 2.25756663e-01,
   1.43529998e+00,-2.25541370e-01,-1.45978675e+00, 2.36359972e-01,
   1.23439855e+00,-2.33141556e-01,-1.27218175e+00, 2.48082662e-01},
 {-2.90355563e-01, 3.06172851e+00, 2.74476826e-01,-3.07014231e+00,
  -1.92026671e-01, 2.88460639e+00, 1.47773124e-01,-2.85896861e+00,
  -9.33660878e-02, 2.69274753e+00, 5.65796243e-02,-2.65708985e+00,
   1.85435515e-15, 2.48064013e+00,-8.63554105e-03,-2.47723859e+00,
   7.26030552e-02, 2.26542756e+00,-7.61373411e-02,-2.28904091e+00,
   1.22740780e-01, 2.06299501e+00,-1.48420292e-01,-2.06622939e+00,
   1.63014140e-01, 1.86464058e+00,-2.01841376e-01,-1.83324679e+00,
   1.99829097e-01, 1.65347593e+00,-2.25756663e-01,-1.63242815e+00,
   2.25541370e-01, 1.43529998e+00,-2.36359972e-01,-1.45978675e+00,
   2.33141556e-01, 1.23439855e+00,-2.48082662e-01,-1.27218175e+00},
 {-3.10259206e+00,-3.08365749e-01, 3.06604952e+00, 2.87716583e-01,
  -2.92565192e+00,-2.09265632e-01, 2.84810927e+00, 1.54603737e-01,
  -2.70732434e+00,-1.06215488e-01, 2.68932294e+00, 6.42545402e-02,
  -2.47723859e+00,-8.63554105e-03, 1.25359783e+01, 2.18252997e-15,
  -2.27533208e+00, 6.78799316e-02, 2.31495846e+00,-6.66347405e-02,
  -2.09472506e+00, 1.21713337e-01, 2.05186035e+00,-1.38482960e-01,
  -1.89497705e+00, 1.62386239e-01, 1.82688709e+00,-1.97651582e-01,
  -1.66339481e+00, 1.96220884e-01, 1.66323683e+00,-2.31805325e-01,
  -1.43497325e+00, 2.21747206e-01, 1.50022656e+00,-2.44704846e-01,
  -1.24444116e+00, 2.35435327e-01, 1.28515129e+00,-2.46968025e-01},
 { 3.08365749e-01,-3.10259206e+00,-2.87716583e-01, 3.06604952e+00,
   2.09265632e-01,-2.92565192e+00,-1.54603737e-01, 2.84810927e+00,
   1.06215488e-01,-2.70732434e+00,-6.42545402e-02, 2.68932294e+00,
   8.63554105e-03,-2.47723859e+00, 2.18252997e-15, 1.25359783e+01,
  -6.78799316e-02,-2.27533208e+00, 6.66347405e-02, 2.31495846e+00,
  -1.21713337e-01,-2.09472506e+00, 1.38482960e-01, 2.05186035e+00,
  -1.62386239e-01,-1.89497705e+00, 1.97651582e-01, 1.82688709e+00,
  -1.96220884e-01,-1.66339481e+00, 2.31805325e-01, 1.66323683e+00,
  -2.21747206e-01,-1.43497325e+00, 2.44704846e-01, 1.50022656e+00,
  -2.35435327e-01,-1.24444116e+00, 2.46968025e-01, 1.28515129e+00},
 { 2.78401227e+00, 3.56176591e-01,-2.76885404e+00,-3.36459363e-01,
   2.62233390e+00, 2.60875370e-01,-2.60040090e+00,-2.17704322e-01,
   2.44719444e+00, 1.64217998e-01,-2.43954947e+00,-1.31853462e-01,
   2.26542756e+00, 7.26030552e-02,-2.27533208e+00,-6.78799316e-02,
   2.08683722e+00, 1.40093145e-15,-2.09132769e+00,-3.32402146e-04,
   1.91034407e+00,-5.16322615e-02,-1.89134963e+00, 7.36814785e-02,
   1.72541728e+00,-9.35317011e-02,-1.69878523e+00, 1.32344123e-01,
   1.52864864e+00,-1.33182832e-01,-1.52782814e+00, 1.61792089e-01,
   1.33380830e+00,-1.64993743e-01,-1.36264642e+00, 1.74143349e-01,
   1.15722411e+00,-1.80468327e-01,-1.17910295e+00, 1.87283662e-01},
 {-3.56176591e-01, 2.78401227e+00, 3.36459363e-01,-2.76885404e+00,
  -2.60875370e-01, 2.62233390e+00, 2.17704322e-01,-2.60040090e+00,
  -1.64217998e-01, 2.44719444e+00, 1.31853462e-01,-2.43954947e+00,
  -7.26030552e-02, 2.26542756e+00, 6.78799316e-02,-2.27533208e+00,
   1.40093145e-15, 2.08683722e+00, 3.32402146e-04,-2.09132769e+00,
   5.16322615e-02, 1.91034407e+00,-7.36814785e-02,-1.89134963e+00,
   9.35317011e-02, 1.72541728e+00,-1.32344123e-01,-1.69878523e+00,
   1.33182832e-01, 1.52864864e+00,-1.61792089e-01,-1.52782814e+00,
   1.64993743e-01, 1.33380830e+00,-1.74143349e-01,-1.36264642e+00,
   1.80468327e-01, 1.15722411e+00,-1.87283662e-01,-1.17910295e+00},
 {-2.81227816e+00,-3.61632830e-01, 2.82518443e+00, 3.54104048e-01,
  -2.67267448e+00,-2.69470166e-01, 2.60701483e+00, 2.21384563e-01,
  -2.49763921e+00,-1.72053221e-01, 2.43745803e+00, 1.29451820e-01,
  -2.28904091e+00,-7.61373411e-02, 2.31495846e+00, 6.66347405e-02,
  -2.09132769e+00, 3.32402146e-04, 1.21575971e+01, 1.78950381e-15,
  -1.92688709e+00, 5.54156021e-02, 1.92518119e+00,-7.32845866e-02,
  -1.76324738e+00, 1.00777169e-01, 1.69141386e+00,-1.31096649e-01,
  -1.56503923e+00, 1.40804199e-01, 1.52667716e+00,-1.65360101e-01,
  -1.34934019e+00, 1.69363333e-01, 1.39768630e+00,-1.87370018e-01,
  -1.16144374e+00, 1.83909979e-01, 1.22405021e+00,-2.03003970e-01},
 { 3.61632830e-01,-2.81227816e+00,-3.54104048e-01, 2.82518443e+00,
   2.69470166e-01,-2.67267448e+00,-2.21384563e-01, 2.60701483e+00,
   1.72053221e-01,-2.49763921e+00,-1.29451820e-01, 2.43745803e+00,
   7.61373411e-02,-2.28904091e+00,-6.66347405e-02, 2.31495846e+00,
  -3.32402146e-04,-2.09132769e+00, 1.78950381e-15, 1.21575971e+01,
  -5.54156021e-02,-1.92688709e+00, 7.32845866e-02, 1.92518119e+00,
  -1.00777169e-01,-1.76324738e+00, 1.31096649e-01, 1.69141386e+00,
  -1.40804199e-01,-1.56503923e+00, 1.65360101e-01, 1.52667716e+00,
  -1.69363333e-01,-1.34934019e+00, 1.87370018e-01, 1.39768630e+00,
  -1.83909979e-01,-1.16144374e+00, 2.03003970e-01, 1.22405021e+00},
 { 2.52590428e+00, 3.94918843e-01,-2.50096785e+00,-3.75206895e-01,
   2.38938962e+00, 3.06196301e-01,-2.34832170e+00,-2.60254163e-01,
   2.22940995e+00, 2.12507833e-01,-2.22306756e+00,-1.81015000e-01,
   2.06299501e+00, 1.22740780e-01,-2.09472506e+00,-1.21713337e-01,
   1.91034407e+00, 5.16322615e-02,-1.92688709e+00,-5.54156021e-02,
   1.76554945e+00, 1.01167511e-15,-1.73260736e+00, 1.86310579e-02,
   1.60440214e+00,-4.32717635e-02,-1.55917715e+00, 7.87530851e-02,
   1.42087210e+00,-8.45257056e-02,-1.42126320e+00, 1.12496709e-01,
   1.23855626e+00,-1.18795495e-01,-1.28182333e+00, 1.29619907e-01,
   1.08067313e+00,-1.39160460e-01,-1.10694655e+00, 1.44839286e-01},
 {-3.94918843e-01, 2.52590428e+00, 3.75206895e-01,-2.50096785e+00,
  -3.06196301e-01, 2.38938962e+00, 2.60254163e-01,-2.34832170e+00,
  -2.12507833e-01, 2.22940995e+00, 1.81015000e-01,-2.22306756e+00,
  -1.22740780e-01, 2.06299501e+00, 1.21713337e-01,-2.09472506e+00,
  -5.16322615e-02, 1.91034407e+00, 5.54156021e-02,-1.92688709e+00,
   1.01167511e-15, 1.76554945e+00,-1.86310579e-02,-1.73260736e+00,
   4.32717635e-02, 1.60440214e+00,-7.87530851e-02,-1.55917715e+00,
   8.45257056e-02, 1.42087210e+00,-1.12496709e-01,-1.42126320e+00,
   1.18795495e-01, 1.23855626e+00,-1.29619907e-01,-1.28182333e+00,
   1.39160460e-01, 1.08067313e+00,-1.44839286e-01,-1.10694655e+00},
 {-2.49500150e+00,-4.18086203e-01, 2.52288643e+00, 4.14147816e-01,
  -2.36872885e+00,-3.29121367e-01, 2.35115887e+00, 2.93841540e-01,
  -2.23111698e+00,-2.38659092e-01, 2.18355365e+00, 2.02692100e-01,
  -2.06622939e+00,-1.48420292e-01, 2.05186035e+00, 1.38482960e-01,
  -1.89134963e+00,-7.36814785e-02, 1.92518119e+00, 7.32845866e-02,
  -1.73260736e+00,-1.86310579e-02, 1.17559637e+01, 1.26697461e-15,
  -1.58579398e+00, 2.80233423e-02, 1.55400865e+00,-5.93411645e-02,
  -1.42375185e+00, 7.27466473e-02, 1.38272978e+00,-9.25565926e-02,
  -1.24199798e+00, 1.07618418e-01, 1.25390976e+00,-1.14919593e-01,
  -1.06823753e+00, 1.25579399e-01, 1.11392500e+00,-1.39559554e-01},
 { 4.18086203e-01,-2.49500150e+00,-4.14147816e-01, 2.52288643e+00,
   3.29121367e-01,-2.36872885e+00,-2.93841540e-01, 2.35115887e+00,
   2.38659092e-01,-2.23111698e+00,-2.02692100e-01, 2.18355365e+00,
   1.48420292e-01,-2.06622939e+00,-1.38482960e-01, 2.05186035e+00,
   7.36814785e-02,-1.89134963e+00,-7.32845866e-02, 1.92518119e+00,
   1.86310579e-02,-1.73260736e+00, 1.26697461e-15, 1.17559637e+01,
  -2.80233423e-02,-1.58579398e+00, 5.93411645e-02, 1.55400865e+00,
  -7.27466473e-02,-1.42375185e+00, 9.25565926e-02, 1.38272978e+00,
  -1.07618418e-01,-1.24199798e+00, 1.14919593e-01, 1.25390976e+00,
  -1.25579399e-01,-1.06823753e+00, 1.39559554e-01, 1.11392500e+00},
 { 2.25903002e+00, 4.16416145e-01,-2.25084015e+00,-4.05196291e-01,
   2.15143079e+00, 3.37056983e-01,-2.10250463e+00,-2.91698503e-01,
   2.01649173e+00, 2.49914367e-01,-1.98996587e+00,-2.15498347e-01,
   1.86464058e+00, 1.63014140e-01,-1.89497705e+00,-1.62386239e-01,
   1.72541728e+00, 9.35317011e-02,-1.76324738e+00,-1.00777169e-01,
   1.60440214e+00, 4.32717635e-02,-1.58579398e+00,-2.80233423e-02,
   1.47400285e+00, 7.69261347e-16,-1.41643259e+00, 3.21041645e-02,
   1.31416878e+00,-4.26207513e-02,-1.29439409e+00, 6.70752878e-02,
   1.14426118e+00,-7.83742957e-02,-1.18617127e+00, 8.82626821e-02,
   9.96839492e-01,-1.00783144e-01,-1.03757405e+00, 1.08369291e-01},
 {-4.16416145e-01, 2.25903002e+00, 4.05196291e-01,-2.25084015e+00,
  -3.37056983e-01, 2.15143079e+00, 2.91698503e-01,-2.10250463e+00,
  -2.49914367e-01, 2.01649173e+00, 2.15498347e-01,-1.98996587e+00,
  -1.63014140e-01, 1.86464058e+00, 1.62386239e-01,-1.89497705e+00,
  -9.35317011e-02, 1.72541728e+00, 1.00777169e-01,-1.76324738e+00,
  -4.32717635e-02, 1.60440214e+00, 2.80233423e-02,-1.58579398e+00,
   7.69261347e-16, 1.47400285e+00,-3.21041645e-02,-1.41643259e+00,
   4.26207513e-02, 1.31416878e+00,-6.70752878e-02,-1.29439409e+00,
   7.83742957e-02, 1.14426118e+00,-8.82626821e-02,-1.18617127e+00,
   1.00783144e-01, 9.96839492e-01,-1.08369291e-01,-1.03757405e+00},
 {-2.20795930e+00,-4.60064154e-01, 2.20244223e+00, 4.44168411e-01,
  -2.08622072e+00,-3.72641878e-01, 2.08690423e+00, 3.41999116e-01,
  -1.96172979e+00,-2.85317619e-01, 1.96046295e+00, 2.61865544e-01,
  -1.83324679e+00,-2.01841376e-01, 1.82688709e+00, 1.97651582e-01,
  -1.69878523e+00,-1.32344123e-01, 1.69141386e+00, 1.31096649e-01,
  -1.55917715e+00,-7.87530851e-02, 1.55400865e+00, 5.93411645e-02,
  -1.41643259e+00,-3.21041645e-02, 1.14124577e+01, 8.87553331e-16,
  -1.27107347e+00, 1.39049180e-02, 1.26739792e+00,-3.44405994e-02,
  -1.12405872e+00, 5.32927110e-02, 1.12889858e+00,-5.54112236e-02,
  -9.80694788e-01, 7.69141447e-02, 9.90009769e-01,-8.05864713e-02},
 { 4.60064154e-01,-2.20795930e+00,-4.44168411e-01, 2.20244223e+00,
   3.72641878e-01,-2.08622072e+00,-3.41999116e-01, 2.08690423e+00,
   2.85317619e-01,-1.96172979e+00,-2.61865544e-01, 1.96046295e+00,
   2.01841376e-01,-1.83324679e+00,-1.97651582e-01, 1.82688709e+00,
   1.32344123e-01,-1.69878523e+00,-1.31096649e-01, 1.69141386e+00,
   7.87530851e-02,-1.55917715e+00,-5.93411645e-02, 1.55400865e+00,
   3.21041645e-02,-1.41643259e+00, 8.87553331e-16, 1.14124577e+01,
  -1.39049180e-02,-1.27107347e+00, 3.44405994e-02, 1.26739792e+00,
  -5.32927110e-02,-1.12405872e+00, 5.54112236e-02, 1.12889858e+00,
  -7.69141447e-02,-9.80694788e-01, 8.05864713e-02, 9.90009769e-01},
 { 1.97381108e+00, 4.29497476e-01,-1.98344543e+00,-4.26787701e-01,
   1.88637251e+00, 3.57978733e-01,-1.85435824e+00,-3.21174300e-01,
   1.78033826e+00, 2.80195899e-01,-1.74586291e+00,-2.46344090e-01,
   1.65347593e+00, 1.99829097e-01,-1.66339481e+00,-1.96220884e-01,
   1.52864864e+00, 1.33182832e-01,-1.56503923e+00,-1.40804199e-01,
   1.42087210e+00, 8.45257056e-02,-1.42375185e+00,-7.27466473e-02,
   1.31416878e+00, 4.26207513e-02,-1.27107347e+00,-1.39049180e-02,
   1.18507535e+00, 5.51480184e-16,-1.15281614e+00, 2.10702187e-02,
   1.03879008e+00,-3.71147111e-02,-1.06030700e+00, 4.34753716e-02,
   9.03592978e-01,-6.09828234e-02,-9.42974738e-01, 6.76531859e-02},
 {-4.29497476e-01, 1.97381108e+00, 4.26787701e-01,-1.98344543e+00,
  -3.57978733e-01, 1.88637251e+00, 3.21174300e-01,-1.85435824e+00,
  -2.80195899e-01, 1.78033826e+00, 2.46344090e-01,-1.74586291e+00,
  -1.99829097e-01, 1.65347593e+00, 1.96220884e-01,-1.66339481e+00,
  -1.33182832e-01, 1.52864864e+00, 1.40804199e-01,-1.56503923e+00,
  -8.45257056e-02, 1.42087210e+00, 7.27466473e-02,-1.42375185e+00,
  -4.26207513e-02, 1.31416878e+00, 1.39049180e-02,-1.27107347e+00,
   5.51480184e-16, 1.18507535e+00,-2.10702187e-02,-1.15281614e+00,
   3.71147111e-02, 1.03879008e+00,-4.34753716e-02,-1.06030700e+00,
   6.09828234e-02, 9.03592978e-01,-6.76531859e-02,-9.42974738e-01},
 {-1.97379880e+00,-4.72508925e-01, 1.94130560e+00, 4.47826420e-01,
  -1.87017956e+00,-3.92514522e-01, 1.84390225e+00, 3.52365660e-01,
  -1.74980866e+00,-3.06590247e-01, 1.76323761e+00, 2.86998000e-01,
  -1.63242815e+00,-2.25756663e-01, 1.66323683e+00, 2.31805325e-01,
  -1.52782814e+00,-1.61792089e-01, 1.52667716e+00, 1.65360101e-01,
  -1.42126320e+00,-1.12496709e-01, 1.38272978e+00, 9.25565926e-02,
  -1.29439409e+00,-6.70752878e-02, 1.26739792e+00, 3.44405994e-02,
  -1.15281614e+00,-2.10702187e-02, 1.11715136e+01, 6.78835077e-16,
  -1.01960863e+00, 1.93977523e-02, 1.05291640e+00,-2.18477449e-02,
  -9.03809715e-01, 4.66157476e-02, 9.06219831e-01,-4.58947016e-02},
 { 4.72508925e-01,-1.97379880e+00,-4.47826420e-01, 1.94130560e+00,
   3.92514522e-01,-1.87017956e+00,-3.52365660e-01, 1.84390225e+00,
   3.06590247e-01,-1.74980866e+00,-2.86998000e-01, 1.76323761e+00,
   2.25756663e-01,-1.63242815e+00,-2.31805325e-01, 1.66323683e+00,
   1.61792089e-01,-1.52782814e+00,-1.65360101e-01, 1.52667716e+00,
   1.12496709e-01,-1.42126320e+00,-9.25565926e-02, 1.38272978e+00,
   6.70752878e-02,-1.29439409e+00,-3.44405994e-02, 1.26739792e+00,
   2.10702187e-02,-1.15281614e+00, 6.78835077e-16, 1.11715136e+01,
  -1.93977523e-02,-1.01960863e+00, 2.18477449e-02, 1.05291640e+00,
  -4.66157476e-02,-9.03809715e-01, 4.58947016e-02, 9.06219831e-01},
 { 1.69685033e+00, 4.33419729e-01,-1.70268974e+00,-4.28887778e-01,
   1.61974238e+00, 3.66698725e-01,-1.60715710e+00,-3.39150103e-01,
   1.53376536e+00, 2.96712214e-01,-1.51530498e+00,-2.71150253e-01,
   1.43529998e+00, 2.25541370e-01,-1.43497325e+00,-2.21747206e-01,
   1.33380830e+00, 1.64993743e-01,-1.34934019e+00,-1.69363333e-01,
   1.23855626e+00, 1.18795495e-01,-1.24199798e+00,-1.07618418e-01,
   1.14426118e+00, 7.83742957e-02,-1.12405872e+00,-5.32927110e-02,
   1.03879008e+00, 3.71147111e-02,-1.01960863e+00,-1.93977523e-02,
   9.22505177e-01, 3.81079071e-16,-9.29256458e-01, 3.03793948e-03,
   8.09076212e-01,-2.51251557e-02,-8.28122031e-01, 2.84668784e-02},
 {-4.33419729e-01, 1.69685033e+00, 4.28887778e-01,-1.70268974e+00,
  -3.66698725e-01, 1.61974238e+00, 3.39150103e-01,-1.60715710e+00,
  -2.96712214e-01, 1.53376536e+00, 2.71150253e-01,-1.51530498e+00,
  -2.25541370e-01, 1.43529998e+00, 2.21747206e-01,-1.43497325e+00,
  -1.64993743e-01, 1.33380830e+00, 1.69363333e-01,-1.34934019e+00,
  -1.18795495e-01, 1.23855626e+00, 1.07618418e-01,-1.24199798e+00,
  -7.83742957e-02, 1.14426118e+00, 5.32927110e-02,-1.12405872e+00,
  -3.71147111e-02, 1.03879008e+00, 1.93977523e-02,-1.01960863e+00,
   3.81079071e-16, 9.22505177e-01,-3.03793948e-03,-9.29256458e-01,
   2.51251557e-02, 8.09076212e-01,-2.84668784e-02,-8.28122031e-01},
 {-1.75103099e+00,-4.60880816e-01, 1.73463607e+00, 4.47759070e-01,
  -1.67664746e+00,-3.94724255e-01, 1.62694166e+00, 3.47367295e-01,
  -1.57416738e+00,-3.16134811e-01, 1.55865815e+00, 2.86488935e-01,
  -1.45978675e+00,-2.36359972e-01, 1.50022656e+00, 2.44704846e-01,
  -1.36264642e+00,-1.74143349e-01, 1.39768630e+00, 1.87370018e-01,
  -1.28182333e+00,-1.29619907e-01, 1.25390976e+00, 1.14919593e-01,
  -1.18617127e+00,-8.82626821e-02, 1.12889858e+00, 5.54112236e-02,
  -1.06030700e+00,-4.34753716e-02, 1.05291640e+00, 2.18477449e-02,
  -9.29256458e-01,-3.03793948e-03, 1.09799302e+01, 4.96582306e-16,
  -8.23200336e-01, 2.49653437e-02, 8.54196818e-01,-2.50146326e-02},
 { 4.60880816e-01,-1.75103099e+00,-4.47759070e-01, 1.73463607e+00,
   3.94724255e-01,-1.67664746e+00,-3.47367295e-01, 1.62694166e+00,
   3.16134811e-01,-1.57416738e+00,-2.86488935e-01, 1.55865815e+00,
   2.36359972e-01,-1.45978675e+00,-2.44704846e-01, 1.50022656e+00,
   1.74143349e-01,-1.36264642e+00,-1.87370018e-01, 1.39768630e+00,
   1.29619907e-01,-1.28182333e+00,-1.14919593e-01, 1.25390976e+00,
   8.82626821e-02,-1.18617127e+00,-5.54112236e-02, 1.12889858e+00,
   4.34753716e-02,-1.06030700e+00,-2.18477449e-02, 1.05291640e+00,
   3.03793948e-03,-9.29256458e-01, 4.96582306e-16, 1.09799302e+01,
  -2.49653437e-02,-8.23200336e-01, 2.50146326e-02, 8.54196818e-01},
 { 1.45684394e+00, 4.23339118e-01,-1.44756462e+00,-4.10971952e-01,
   1.38995500e+00, 3.62311614e-01,-1.37748939e+00,-3.35034386e-01,
   1.31405574e+00, 2.96997846e-01,-1.31281495e+00,-2.79903788e-01,
   1.23439855e+00, 2.33141556e-01,-1.24444116e+00,-2.35435327e-01,
   1.15722411e+00, 1.80468327e-01,-1.16144374e+00,-1.83909979e-01,
   1.08067313e+00, 1.39160460e-01,-1.06823753e+00,-1.25579399e-01,
   9.96839492e-01, 1.00783144e-01,-9.80694788e-01,-7.69141447e-02,
   9.03592978e-01, 6.09828234e-02,-9.03809715e-01,-4.66157476e-02,
   8.09076212e-01, 2.51251557e-02,-8.23200336e-01,-2.49653437e-02,
   7.20988718e-01, 2.46666729e-16,-7.25440265e-01, 5.09607806e-04},
 {-4.23339118e-01, 1.45684394e+00, 4.10971952e-01,-1.44756462e+00,
  -3.62311614e-01, 1.38995500e+00, 3.35034386e-01,-1.37748939e+00,
  -2.96997846e-01, 1.31405574e+00, 2.79903788e-01,-1.31281495e+00,
  -2.33141556e-01, 1.23439855e+00, 2.35435327e-01,-1.24444116e+00,
  -1.80468327e-01, 1.15722411e+00, 1.83909979e-01,-1.16144374e+00,
  -1.39160460e-01, 1.08067313e+00, 1.25579399e-01,-1.06823753e+00,
  -1.00783144e-01, 9.96839492e-01, 7.69141447e-02,-9.80694788e-01,
  -6.09828234e-02, 9.03592978e-01, 4.66157476e-02,-9.03809715e-01,
  -2.51251557e-02, 8.09076212e-01, 2.49653437e-02,-8.23200336e-01,
   2.46666729e-16, 7.20988718e-01,-5.09607806e-04,-7.25440265e-01},
 {-1.49501530e+00,-4.39953224e-01, 1.50882846e+00, 4.45550557e-01,
  -1.44152548e+00,-3.85110735e-01, 1.40690203e+00, 3.48754475e-01,
  -1.36834678e+00,-3.20392634e-01, 1.32998377e+00, 2.83751881e-01,
  -1.27218175e+00,-2.48082662e-01, 1.28515129e+00, 2.46968025e-01,
  -1.17910295e+00,-1.87283662e-01, 1.22405021e+00, 2.03003970e-01,
  -1.10694655e+00,-1.44839286e-01, 1.11392500e+00, 1.39559554e-01,
  -1.03757405e+00,-1.08369291e-01, 9.90009769e-01, 8.05864713e-02,
  -9.42974738e-01,-6.76531859e-02, 9.06219831e-01, 4.58947016e-02,
  -8.28122031e-01,-2.84668784e-02, 8.54196818e-01, 2.50146326e-02,
  -7.25440265e-01,-5.09607806e-04, 1.07737563e+01, 3.44121194e-16},
 { 4.39953224e-01,-1.49501530e+00,-4.45550557e-01, 1.50882846e+00,
   3.85110735e-01,-1.44152548e+00,-3.48754475e-01, 1.40690203e+00,
   3.20392634e-01,-1.36834678e+00,-2.83751881e-01, 1.32998377e+00,
   2.48082662e-01,-1.27218175e+00,-2.46968025e-01, 1.28515129e+00,
   1.87283662e-01,-1.17910295e+00,-2.03003970e-01, 1.22405021e+00,
   1.44839286e-01,-1.10694655e+00,-1.39559554e-01, 1.11392500e+00,
   1.08369291e-01,-1.03757405e+00,-8.05864713e-02, 9.90009769e-01,
   6.76531859e-02,-9.42974738e-01,-4.58947016e-02, 9.06219831e-01,
   2.84668784e-02,-8.28122031e-01,-2.50146326e-02, 8.54196818e-01,
   5.09607806e-04,-7.25440265e-01, 3.44121194e-16, 1.07737563e+01}};

float Fj[40];

float M[60][40] = {{-1.00000000e+00,-0.00000000e+00,-0.00000000e+00,-0.00000000e+00,
  -0.00000000e+00,-0.00000000e+00,-0.00000000e+00,-0.00000000e+00,
  -0.00000000e+00,-0.00000000e+00,-0.00000000e+00,-0.00000000e+00,
  -0.00000000e+00,-0.00000000e+00,-0.00000000e+00,-0.00000000e+00,
  -0.00000000e+00,-0.00000000e+00,-0.00000000e+00,-0.00000000e+00,
  -0.00000000e+00,-0.00000000e+00,-0.00000000e+00,-0.00000000e+00,
  -0.00000000e+00,-0.00000000e+00,-0.00000000e+00,-0.00000000e+00,
  -0.00000000e+00,-0.00000000e+00,-0.00000000e+00,-0.00000000e+00,
  -0.00000000e+00,-0.00000000e+00,-0.00000000e+00,-0.00000000e+00,
  -0.00000000e+00,-0.00000000e+00,-0.00000000e+00,-0.00000000e+00},
 {-0.00000000e+00,-1.00000000e+00,-0.00000000e+00,-0.00000000e+00,
  -0.00000000e+00,-0.00000000e+00,-0.00000000e+00,-0.00000000e+00,
  -0.00000000e+00,-0.00000000e+00,-0.00000000e+00,-0.00000000e+00,
  -0.00000000e+00,-0.00000000e+00,-0.00000000e+00,-0.00000000e+00,
  -0.00000000e+00,-0.00000000e+00,-0.00000000e+00,-0.00000000e+00,
  -0.00000000e+00,-0.00000000e+00,-0.00000000e+00,-0.00000000e+00,
  -0.00000000e+00,-0.00000000e+00,-0.00000000e+00,-0.00000000e+00,
  -0.00000000e+00,-0.00000000e+00,-0.00000000e+00,-0.00000000e+00,
  -0.00000000e+00,-0.00000000e+00,-0.00000000e+00,-0.00000000e+00,
  -0.00000000e+00,-0.00000000e+00,-0.00000000e+00,-0.00000000e+00},
 {-0.00000000e+00,-0.00000000e+00,-1.00000000e+00,-0.00000000e+00,
  -0.00000000e+00,-0.00000000e+00,-0.00000000e+00,-0.00000000e+00,
  -0.00000000e+00,-0.00000000e+00,-0.00000000e+00,-0.00000000e+00,
  -0.00000000e+00,-0.00000000e+00,-0.00000000e+00,-0.00000000e+00,
  -0.00000000e+00,-0.00000000e+00,-0.00000000e+00,-0.00000000e+00,
  -0.00000000e+00,-0.00000000e+00,-0.00000000e+00,-0.00000000e+00,
  -0.00000000e+00,-0.00000000e+00,-0.00000000e+00,-0.00000000e+00,
  -0.00000000e+00,-0.00000000e+00,-0.00000000e+00,-0.00000000e+00,
  -0.00000000e+00,-0.00000000e+00,-0.00000000e+00,-0.00000000e+00,
  -0.00000000e+00,-0.00000000e+00,-0.00000000e+00,-0.00000000e+00},
 {-0.00000000e+00,-0.00000000e+00,-0.00000000e+00,-1.00000000e+00,
  -0.00000000e+00,-0.00000000e+00,-0.00000000e+00,-0.00000000e+00,
  -0.00000000e+00,-0.00000000e+00,-0.00000000e+00,-0.00000000e+00,
  -0.00000000e+00,-0.00000000e+00,-0.00000000e+00,-0.00000000e+00,
  -0.00000000e+00,-0.00000000e+00,-0.00000000e+00,-0.00000000e+00,
  -0.00000000e+00,-0.00000000e+00,-0.00000000e+00,-0.00000000e+00,
  -0.00000000e+00,-0.00000000e+00,-0.00000000e+00,-0.00000000e+00,
  -0.00000000e+00,-0.00000000e+00,-0.00000000e+00,-0.00000000e+00,
  -0.00000000e+00,-0.00000000e+00,-0.00000000e+00,-0.00000000e+00,
  -0.00000000e+00,-0.00000000e+00,-0.00000000e+00,-0.00000000e+00},
 {-1.00000000e+00,-0.00000000e+00,-0.00000000e+00,-0.00000000e+00,
  -1.00000000e+00,-0.00000000e+00,-0.00000000e+00,-0.00000000e+00,
  -0.00000000e+00,-0.00000000e+00,-0.00000000e+00,-0.00000000e+00,
  -0.00000000e+00,-0.00000000e+00,-0.00000000e+00,-0.00000000e+00,
  -0.00000000e+00,-0.00000000e+00,-0.00000000e+00,-0.00000000e+00,
  -0.00000000e+00,-0.00000000e+00,-0.00000000e+00,-0.00000000e+00,
  -0.00000000e+00,-0.00000000e+00,-0.00000000e+00,-0.00000000e+00,
  -0.00000000e+00,-0.00000000e+00,-0.00000000e+00,-0.00000000e+00,
  -0.00000000e+00,-0.00000000e+00,-0.00000000e+00,-0.00000000e+00,
  -0.00000000e+00,-0.00000000e+00,-0.00000000e+00,-0.00000000e+00},
 {-0.00000000e+00,-1.00000000e+00,-0.00000000e+00,-0.00000000e+00,
  -0.00000000e+00,-1.00000000e+00,-0.00000000e+00,-0.00000000e+00,
  -0.00000000e+00,-0.00000000e+00,-0.00000000e+00,-0.00000000e+00,
  -0.00000000e+00,-0.00000000e+00,-0.00000000e+00,-0.00000000e+00,
  -0.00000000e+00,-0.00000000e+00,-0.00000000e+00,-0.00000000e+00,
  -0.00000000e+00,-0.00000000e+00,-0.00000000e+00,-0.00000000e+00,
  -0.00000000e+00,-0.00000000e+00,-0.00000000e+00,-0.00000000e+00,
  -0.00000000e+00,-0.00000000e+00,-0.00000000e+00,-0.00000000e+00,
  -0.00000000e+00,-0.00000000e+00,-0.00000000e+00,-0.00000000e+00,
  -0.00000000e+00,-0.00000000e+00,-0.00000000e+00,-0.00000000e+00},
 {-0.00000000e+00,-0.00000000e+00,-1.00000000e+00,-0.00000000e+00,
  -0.00000000e+00,-0.00000000e+00,-1.00000000e+00,-0.00000000e+00,
  -0.00000000e+00,-0.00000000e+00,-0.00000000e+00,-0.00000000e+00,
  -0.00000000e+00,-0.00000000e+00,-0.00000000e+00,-0.00000000e+00,
  -0.00000000e+00,-0.00000000e+00,-0.00000000e+00,-0.00000000e+00,
  -0.00000000e+00,-0.00000000e+00,-0.00000000e+00,-0.00000000e+00,
  -0.00000000e+00,-0.00000000e+00,-0.00000000e+00,-0.00000000e+00,
  -0.00000000e+00,-0.00000000e+00,-0.00000000e+00,-0.00000000e+00,
  -0.00000000e+00,-0.00000000e+00,-0.00000000e+00,-0.00000000e+00,
  -0.00000000e+00,-0.00000000e+00,-0.00000000e+00,-0.00000000e+00},
 {-0.00000000e+00,-0.00000000e+00,-0.00000000e+00,-1.00000000e+00,
  -0.00000000e+00,-0.00000000e+00,-0.00000000e+00,-1.00000000e+00,
  -0.00000000e+00,-0.00000000e+00,-0.00000000e+00,-0.00000000e+00,
  -0.00000000e+00,-0.00000000e+00,-0.00000000e+00,-0.00000000e+00,
  -0.00000000e+00,-0.00000000e+00,-0.00000000e+00,-0.00000000e+00,
  -0.00000000e+00,-0.00000000e+00,-0.00000000e+00,-0.00000000e+00,
  -0.00000000e+00,-0.00000000e+00,-0.00000000e+00,-0.00000000e+00,
  -0.00000000e+00,-0.00000000e+00,-0.00000000e+00,-0.00000000e+00,
  -0.00000000e+00,-0.00000000e+00,-0.00000000e+00,-0.00000000e+00,
  -0.00000000e+00,-0.00000000e+00,-0.00000000e+00,-0.00000000e+00},
 {-1.00000000e+00,-0.00000000e+00,-0.00000000e+00,-0.00000000e+00,
  -1.00000000e+00,-0.00000000e+00,-0.00000000e+00,-0.00000000e+00,
  -1.00000000e+00,-0.00000000e+00,-0.00000000e+00,-0.00000000e+00,
  -0.00000000e+00,-0.00000000e+00,-0.00000000e+00,-0.00000000e+00,
  -0.00000000e+00,-0.00000000e+00,-0.00000000e+00,-0.00000000e+00,
  -0.00000000e+00,-0.00000000e+00,-0.00000000e+00,-0.00000000e+00,
  -0.00000000e+00,-0.00000000e+00,-0.00000000e+00,-0.00000000e+00,
  -0.00000000e+00,-0.00000000e+00,-0.00000000e+00,-0.00000000e+00,
  -0.00000000e+00,-0.00000000e+00,-0.00000000e+00,-0.00000000e+00,
  -0.00000000e+00,-0.00000000e+00,-0.00000000e+00,-0.00000000e+00},
 {-0.00000000e+00,-1.00000000e+00,-0.00000000e+00,-0.00000000e+00,
  -0.00000000e+00,-1.00000000e+00,-0.00000000e+00,-0.00000000e+00,
  -0.00000000e+00,-1.00000000e+00,-0.00000000e+00,-0.00000000e+00,
  -0.00000000e+00,-0.00000000e+00,-0.00000000e+00,-0.00000000e+00,
  -0.00000000e+00,-0.00000000e+00,-0.00000000e+00,-0.00000000e+00,
  -0.00000000e+00,-0.00000000e+00,-0.00000000e+00,-0.00000000e+00,
  -0.00000000e+00,-0.00000000e+00,-0.00000000e+00,-0.00000000e+00,
  -0.00000000e+00,-0.00000000e+00,-0.00000000e+00,-0.00000000e+00,
  -0.00000000e+00,-0.00000000e+00,-0.00000000e+00,-0.00000000e+00,
  -0.00000000e+00,-0.00000000e+00,-0.00000000e+00,-0.00000000e+00},
 {-0.00000000e+00,-0.00000000e+00,-1.00000000e+00,-0.00000000e+00,
  -0.00000000e+00,-0.00000000e+00,-1.00000000e+00,-0.00000000e+00,
  -0.00000000e+00,-0.00000000e+00,-1.00000000e+00,-0.00000000e+00,
  -0.00000000e+00,-0.00000000e+00,-0.00000000e+00,-0.00000000e+00,
  -0.00000000e+00,-0.00000000e+00,-0.00000000e+00,-0.00000000e+00,
  -0.00000000e+00,-0.00000000e+00,-0.00000000e+00,-0.00000000e+00,
  -0.00000000e+00,-0.00000000e+00,-0.00000000e+00,-0.00000000e+00,
  -0.00000000e+00,-0.00000000e+00,-0.00000000e+00,-0.00000000e+00,
  -0.00000000e+00,-0.00000000e+00,-0.00000000e+00,-0.00000000e+00,
  -0.00000000e+00,-0.00000000e+00,-0.00000000e+00,-0.00000000e+00},
 {-0.00000000e+00,-0.00000000e+00,-0.00000000e+00,-1.00000000e+00,
  -0.00000000e+00,-0.00000000e+00,-0.00000000e+00,-1.00000000e+00,
  -0.00000000e+00,-0.00000000e+00,-0.00000000e+00,-1.00000000e+00,
  -0.00000000e+00,-0.00000000e+00,-0.00000000e+00,-0.00000000e+00,
  -0.00000000e+00,-0.00000000e+00,-0.00000000e+00,-0.00000000e+00,
  -0.00000000e+00,-0.00000000e+00,-0.00000000e+00,-0.00000000e+00,
  -0.00000000e+00,-0.00000000e+00,-0.00000000e+00,-0.00000000e+00,
  -0.00000000e+00,-0.00000000e+00,-0.00000000e+00,-0.00000000e+00,
  -0.00000000e+00,-0.00000000e+00,-0.00000000e+00,-0.00000000e+00,
  -0.00000000e+00,-0.00000000e+00,-0.00000000e+00,-0.00000000e+00},
 {-1.00000000e+00,-0.00000000e+00,-0.00000000e+00,-0.00000000e+00,
  -1.00000000e+00,-0.00000000e+00,-0.00000000e+00,-0.00000000e+00,
  -1.00000000e+00,-0.00000000e+00,-0.00000000e+00,-0.00000000e+00,
  -1.00000000e+00,-0.00000000e+00,-0.00000000e+00,-0.00000000e+00,
  -0.00000000e+00,-0.00000000e+00,-0.00000000e+00,-0.00000000e+00,
  -0.00000000e+00,-0.00000000e+00,-0.00000000e+00,-0.00000000e+00,
  -0.00000000e+00,-0.00000000e+00,-0.00000000e+00,-0.00000000e+00,
  -0.00000000e+00,-0.00000000e+00,-0.00000000e+00,-0.00000000e+00,
  -0.00000000e+00,-0.00000000e+00,-0.00000000e+00,-0.00000000e+00,
  -0.00000000e+00,-0.00000000e+00,-0.00000000e+00,-0.00000000e+00},
 {-0.00000000e+00,-1.00000000e+00,-0.00000000e+00,-0.00000000e+00,
  -0.00000000e+00,-1.00000000e+00,-0.00000000e+00,-0.00000000e+00,
  -0.00000000e+00,-1.00000000e+00,-0.00000000e+00,-0.00000000e+00,
  -0.00000000e+00,-1.00000000e+00,-0.00000000e+00,-0.00000000e+00,
  -0.00000000e+00,-0.00000000e+00,-0.00000000e+00,-0.00000000e+00,
  -0.00000000e+00,-0.00000000e+00,-0.00000000e+00,-0.00000000e+00,
  -0.00000000e+00,-0.00000000e+00,-0.00000000e+00,-0.00000000e+00,
  -0.00000000e+00,-0.00000000e+00,-0.00000000e+00,-0.00000000e+00,
  -0.00000000e+00,-0.00000000e+00,-0.00000000e+00,-0.00000000e+00,
  -0.00000000e+00,-0.00000000e+00,-0.00000000e+00,-0.00000000e+00},
 {-0.00000000e+00,-0.00000000e+00,-1.00000000e+00,-0.00000000e+00,
  -0.00000000e+00,-0.00000000e+00,-1.00000000e+00,-0.00000000e+00,
  -0.00000000e+00,-0.00000000e+00,-1.00000000e+00,-0.00000000e+00,
  -0.00000000e+00,-0.00000000e+00,-1.00000000e+00,-0.00000000e+00,
  -0.00000000e+00,-0.00000000e+00,-0.00000000e+00,-0.00000000e+00,
  -0.00000000e+00,-0.00000000e+00,-0.00000000e+00,-0.00000000e+00,
  -0.00000000e+00,-0.00000000e+00,-0.00000000e+00,-0.00000000e+00,
  -0.00000000e+00,-0.00000000e+00,-0.00000000e+00,-0.00000000e+00,
  -0.00000000e+00,-0.00000000e+00,-0.00000000e+00,-0.00000000e+00,
  -0.00000000e+00,-0.00000000e+00,-0.00000000e+00,-0.00000000e+00},
 {-0.00000000e+00,-0.00000000e+00,-0.00000000e+00,-1.00000000e+00,
  -0.00000000e+00,-0.00000000e+00,-0.00000000e+00,-1.00000000e+00,
  -0.00000000e+00,-0.00000000e+00,-0.00000000e+00,-1.00000000e+00,
  -0.00000000e+00,-0.00000000e+00,-0.00000000e+00,-1.00000000e+00,
  -0.00000000e+00,-0.00000000e+00,-0.00000000e+00,-0.00000000e+00,
  -0.00000000e+00,-0.00000000e+00,-0.00000000e+00,-0.00000000e+00,
  -0.00000000e+00,-0.00000000e+00,-0.00000000e+00,-0.00000000e+00,
  -0.00000000e+00,-0.00000000e+00,-0.00000000e+00,-0.00000000e+00,
  -0.00000000e+00,-0.00000000e+00,-0.00000000e+00,-0.00000000e+00,
  -0.00000000e+00,-0.00000000e+00,-0.00000000e+00,-0.00000000e+00},
 {-1.00000000e+00,-0.00000000e+00,-0.00000000e+00,-0.00000000e+00,
  -1.00000000e+00,-0.00000000e+00,-0.00000000e+00,-0.00000000e+00,
  -1.00000000e+00,-0.00000000e+00,-0.00000000e+00,-0.00000000e+00,
  -1.00000000e+00,-0.00000000e+00,-0.00000000e+00,-0.00000000e+00,
  -1.00000000e+00,-0.00000000e+00,-0.00000000e+00,-0.00000000e+00,
  -0.00000000e+00,-0.00000000e+00,-0.00000000e+00,-0.00000000e+00,
  -0.00000000e+00,-0.00000000e+00,-0.00000000e+00,-0.00000000e+00,
  -0.00000000e+00,-0.00000000e+00,-0.00000000e+00,-0.00000000e+00,
  -0.00000000e+00,-0.00000000e+00,-0.00000000e+00,-0.00000000e+00,
  -0.00000000e+00,-0.00000000e+00,-0.00000000e+00,-0.00000000e+00},
 {-0.00000000e+00,-1.00000000e+00,-0.00000000e+00,-0.00000000e+00,
  -0.00000000e+00,-1.00000000e+00,-0.00000000e+00,-0.00000000e+00,
  -0.00000000e+00,-1.00000000e+00,-0.00000000e+00,-0.00000000e+00,
  -0.00000000e+00,-1.00000000e+00,-0.00000000e+00,-0.00000000e+00,
  -0.00000000e+00,-1.00000000e+00,-0.00000000e+00,-0.00000000e+00,
  -0.00000000e+00,-0.00000000e+00,-0.00000000e+00,-0.00000000e+00,
