/**
 * @file dmpc_matrices.c
 * @brief Source with data to run the DMPC algorithm.
 *
 * This file is generated automatically and should not be modified.
 *
 * The Hj matrix is already generated by flipping the sign and inverting its
 * diagonal elements, so that Hildreth's algorithm does not require any 
 * divisions.
 *
 *  Originally created on: 22.04.2022
 *      Author: mguerreiro
 */

#include "dmpc_matrices.h"

/* Input constraints */
float DMPC_CONFIG_U_MIN[1] = {-53.48571428571428};
float DMPC_CONFIG_U_MAX[1] = {53.48571428571428};
uint32_t DMPC_CONFIG_U_LIM_IDX[1] = {0};

/* State constraints */
 
/* Indexes of outputs */
uint32_t DMPC_CONFIG_Y_IDX[1] = {0};

/* A and B matrices for prediction */
float DMPC_M_A[1] = {1};
float DMPC_M_B[2] = { 0.045454545454545456,-0.045454545454545456};

/* Matrices for QP solvers */
float DMPC_M_Ej[10][10] = {{0.7964545454545456  ,0.6818181818181819  ,0.5702479338842976  ,
  0.46280991735537197 ,0.36157024793388437 ,0.2685950413223141  ,
  0.18595041322314051 ,0.11570247933884298 ,0.059917355371900835,
  0.020661157024793392},
 {0.6818181818181819  ,0.5898429752066117  ,0.49586776859504134 ,
  0.40495867768595045 ,0.31818181818181823 ,0.237603305785124   ,
  0.1652892561983471  ,0.10330578512396695 ,0.05371900826446281 ,
  0.01859504132231405 },
 {0.5702479338842976  ,0.49586776859504134 ,0.42248760330578516 ,
  0.34710743801652894 ,0.2747933884297521  ,0.2066115702479339  ,
  0.14462809917355374 ,0.09090909090909091 ,0.047520661157024795,
  0.01652892561983471 },
 {0.46280991735537197 ,0.40495867768595045 ,0.34710743801652894 ,
  0.2902561983471075  ,0.23140495867768598 ,0.1756198347107438  ,
  0.12396694214876033 ,0.07851239669421488 ,0.04132231404958678 ,
  0.014462809917355372},
 {0.36157024793388437 ,0.31818181818181823 ,0.2747933884297521  ,
  0.23140495867768598 ,0.18901652892561988 ,0.14462809917355374 ,
  0.10330578512396695 ,0.06611570247933884 ,0.03512396694214877 ,
  0.012396694214876035},
 {0.2685950413223141  ,0.237603305785124   ,0.2066115702479339  ,
  0.1756198347107438  ,0.14462809917355374 ,0.11463636363636365 ,
  0.08264462809917356 ,0.05371900826446281 ,0.028925619834710748,
  0.010330578512396696},
 {0.18595041322314051 ,0.1652892561983471  ,0.14462809917355374 ,
  0.12396694214876033 ,0.10330578512396695 ,0.08264462809917356 ,
  0.06298347107438017 ,0.04132231404958678 ,0.022727272727272728,
  0.008264462809917356},
 {0.11570247933884298 ,0.10330578512396695 ,0.09090909090909091 ,
  0.07851239669421488 ,0.06611570247933884 ,0.05371900826446281 ,
  0.04132231404958678 ,0.029925619834710742,0.01652892561983471 ,
  0.006198347107438016},
 {0.059917355371900835,0.05371900826446281 ,0.047520661157024795,
  0.04132231404958678 ,0.03512396694214877 ,0.028925619834710748,
  0.022727272727272728,0.01652892561983471 ,0.011330578512396695,
  0.004132231404958678},
 {0.020661157024793392,0.01859504132231405 ,0.01652892561983471 ,
  0.014462809917355372,0.012396694214876035,0.010330578512396696,
  0.008264462809917356,0.006198347107438016,0.004132231404958678,
  0.003066115702479339}};

float DMPC_M_Fj[10];

float DMPC_M_M[2][10] = {{-1.,-0.,-0.,-0.,-0.,-0.,-0.,-0.,-0.,-0.},
 { 1., 0., 0., 0., 0., 0., 0., 0., 0., 0.}};

float DMPC_M_gam[2];

 /* Matrices for Hildreth's QP procedure */
float DMPC_M_Fj_1[10] = {-2.5                 ,-2.0454545454545454  ,-1.6363636363636365  ,
 -1.2727272727272727  ,-0.9545454545454546  ,-0.6818181818181819  ,
 -0.45454545454545453 ,-0.2727272727272727  ,-0.13636363636363635 ,
 -0.045454545454545456};

float DMPC_M_Fj_2[10][2] = {{17.5                 , 2.5                 },
 {15.000000000000002   , 2.0454545454545454  },
 {12.545454545454545   , 1.6363636363636362  },
 {10.181818181818183   , 1.2727272727272727  },
 { 7.954545454545455   , 0.9545454545454546  },
 { 5.909090909090909   , 0.6818181818181819  },
 { 4.090909090909091   , 0.45454545454545453 },
 { 2.5454545454545454  , 0.2727272727272727  },
 { 1.3181818181818183  , 0.13636363636363635 },
 { 0.4545454545454546  , 0.045454545454545456}};

float DMPC_M_Fx[1] = {0.};

float DMPC_M_Kj_1[2][10] = {{-1.6895072654726226e+02, 2.4022633714830565e+02,-1.5248500914481729e+00,
  -4.1467946533280433e+01,-2.3716093725873680e+01,-6.7048577360148549e+00,
   1.3038901804631722e-01, 1.2072859692870477e+00, 6.7407375311370488e-01,
   1.8460050637598038e-01},
 { 1.6895072654726226e+02,-2.4022633714830565e+02, 1.5248500914481729e+00,
   4.1467946533280433e+01, 2.3716093725873680e+01, 6.7048577360148549e+00,
  -1.3038901804631722e-01,-1.2072859692870477e+00,-6.7407375311370488e-01,
  -1.8460050637598038e-01}};

float DMPC_M_Hj[2][2] = {{-5.9188854670018838e-03,-1.6895072654726226e+02},
 {-1.6895072654726226e+02,-5.9188854670018838e-03}};

float DMPC_M_DU_1[10] = {-1.6895072654726226e+02, 2.4022633714830565e+02,-1.5248500914481729e+00,
 -4.1467946533280433e+01,-2.3716093725873680e+01,-6.7048577360148549e+00,
  1.3038901804631722e-01, 1.2072859692870477e+00, 6.7407375311370488e-01,
  1.8460050637598038e-01};

float DMPC_M_DU_2[2] = { 168.95072654726226,-168.95072654726226};
